1
2
1,2
3
1,3
2,3
1,2,3
4
3,4
5
1,5
2,5
1,2,5
3,5
1,3,5
2,3,5
1,2,3,5
4,5
3,4,5
6
3,6
4,6
3,4,6
5,6
3,5,6
4,5,6
3,4,5,6
7
3,7
4,7
3,4,7
5,7
3,5,7
4,5,7
3,4,5,7
6,7
3,6,7
4,6,7
3,4,6,7
5,6,7
3,5,6,7
4,5,6,7
3,4,5,6,7
8
1,8
2,8
1,2,8
3,8
1,3,8
2,3,8
1,2,3,8
5,8
1,5,8
2,5,8
1,2,5,8
3,5,8
1,3,5,8
2,3,5,8
1,2,3,5,8
9
1,9
2,9
1,2,9
3,9
1,3,9
2,3,9
1,2,3,9
5,9
1,5,9
2,5,9
1,2,5,9
3,5,9
1,3,5,9
2,3,5,9
1,2,3,5,9
8,9
1,8,9
2,8,9
1,2,8,9
3,8,9
1,3,8,9
2,3,8,9
1,2,3,8,9
5,8,9
1,5,8,9
2,5,8,9
1,2,5,8,9
3,5,8,9
1,3,5,8,9
2,3,5,8,9
1,2,3,5,8,9
10
1,10
2,10
1,2,10
3,10
1,3,10
2,3,10
1,2,3,10
5,10
1,5,10
2,5,10
1,2,5,10
3,5,10
1,3,5,10
2,3,5,10
1,2,3,5,10
8,10
1,8,10
2,8,10
1,2,8,10
3,8,10
1,3,8,10
2,3,8,10
1,2,3,8,10
5,8,10
1,5,8,10
2,5,8,10
1,2,5,8,10
3,5,8,10
1,3,5,8,10
2,3,5,8,10
1,2,3,5,8,10
9,10
1,9,10
2,9,10
1,2,9,10
3,9,10
1,3,9,10
2,3,9,10
1,2,3,9,10
5,9,10
1,5,9,10
2,5,9,10
1,2,5,9,10
3,5,9,10
1,3,5,9,10
2,3,5,9,10
1,2,3,5,9,10
8,9,10
1,8,9,10
2,8,9,10
1,2,8,9,10
3,8,9,10
1,3,8,9,10
2,3,8,9,10
1,2,3,8,9,10
5,8,9,10
1,5,8,9,10
2,5,8,9,10
1,2,5,8,9,10
3,5,8,9,10
1,3,5,8,9,10
2,3,5,8,9,10
1,2,3,5,8,9,10
11
1,11
2,11
1,2,11
3,11
1,3,11
2,3,11
1,2,3,11
5,11
1,5,11
2,5,11
1,2,5,11
3,5,11
1,3,5,11
2,3,5,11
1,2,3,5,11
8,11
1,8,11
2,8,11
1,2,8,11
3,8,11
1,3,8,11
2,3,8,11
1,2,3,8,11
5,8,11
1,5,8,11
2,5,8,11
1,2,5,8,11
3,5,8,11
1,3,5,8,11
2,3,5,8,11
1,2,3,5,8,11
9,11
1,9,11
2,9,11
1,2,9,11
3,9,11
1,3,9,11
2,3,9,11
1,2,3,9,11
5,9,11
1,5,9,11
2,5,9,11
1,2,5,9,11
3,5,9,11
1,3,5,9,11
2,3,5,9,11
1,2,3,5,9,11
8,9,11
1,8,9,11
2,8,9,11
1,2,8,9,11
3,8,9,11
1,3,8,9,11
2,3,8,9,11
1,2,3,8,9,11
5,8,9,11
1,5,8,9,11
2,5,8,9,11
1,2,5,8,9,11
3,5,8,9,11
1,3,5,8,9,11
2,3,5,8,9,11
1,2,3,5,8,9,11
10,11
1,10,11
2,10,11
1,2,10,11
3,10,11
1,3,10,11
2,3,10,11
1,2,3,10,11
5,10,11
1,5,10,11
2,5,10,11
1,2,5,10,11
3,5,10,11
1,3,5,10,11
2,3,5,10,11
1,2,3,5,10,11
8,10,11
1,8,10,11
2,8,10,11
1,2,8,10,11
3,8,10,11
1,3,8,10,11
2,3,8,10,11
1,2,3,8,10,11
5,8,10,11
1,5,8,10,11
2,5,8,10,11
1,2,5,8,10,11
3,5,8,10,11
1,3,5,8,10,11
2,3,5,8,10,11
1,2,3,5,8,10,11
9,10,11
1,9,10,11
2,9,10,11
1,2,9,10,11
3,9,10,11
1,3,9,10,11
2,3,9,10,11
1,2,3,9,10,11
5,9,10,11
1,5,9,10,11
2,5,9,10,11
1,2,5,9,10,11
3,5,9,10,11
1,3,5,9,10,11
2,3,5,9,10,11
1,2,3,5,9,10,11
8,9,10,11
1,8,9,10,11
2,8,9,10,11
1,2,8,9,10,11
3,8,9,10,11
1,3,8,9,10,11
2,3,8,9,10,11
1,2,3,8,9,10,11
5,8,9,10,11
1,5,8,9,10,11
2,5,8,9,10,11
1,2,5,8,9,10,11
3,5,8,9,10,11
1,3,5,8,9,10,11
2,3,5,8,9,10,11
1,2,3,5,8,9,10,11
12
1,12
2,12
1,2,12
3,12
1,3,12
2,3,12
1,2,3,12
5,12
1,5,12
2,5,12
1,2,5,12
3,5,12
1,3,5,12
2,3,5,12
1,2,3,5,12
8,12
1,8,12
2,8,12
1,2,8,12
3,8,12
1,3,8,12
2,3,8,12
1,2,3,8,12
5,8,12
1,5,8,12
2,5,8,12
1,2,5,8,12
3,5,8,12
1,3,5,8,12
2,3,5,8,12
1,2,3,5,8,12
9,12
1,9,12
2,9,12
1,2,9,12
3,9,12
1,3,9,12
2,3,9,12
1,2,3,9,12
5,9,12
1,5,9,12
2,5,9,12
1,2,5,9,12
3,5,9,12
1,3,5,9,12
2,3,5,9,12
1,2,3,5,9,12
8,9,12
1,8,9,12
2,8,9,12
1,2,8,9,12
3,8,9,12
1,3,8,9,12
2,3,8,9,12
1,2,3,8,9,12
5,8,9,12
1,5,8,9,12
2,5,8,9,12
1,2,5,8,9,12
3,5,8,9,12
1,3,5,8,9,12
2,3,5,8,9,12
1,2,3,5,8,9,12
10,12
1,10,12
2,10,12
1,2,10,12
3,10,12
1,3,10,12
2,3,10,12
1,2,3,10,12
5,10,12
1,5,10,12
2,5,10,12
1,2,5,10,12
3,5,10,12
1,3,5,10,12
2,3,5,10,12
1,2,3,5,10,12
8,10,12
1,8,10,12
2,8,10,12
1,2,8,10,12
3,8,10,12
1,3,8,10,12
2,3,8,10,12
1,2,3,8,10,12
5,8,10,12
1,5,8,10,12
2,5,8,10,12
1,2,5,8,10,12
3,5,8,10,12
1,3,5,8,10,12
2,3,5,8,10,12
1,2,3,5,8,10,12
9,10,12
1,9,10,12
2,9,10,12
1,2,9,10,12
3,9,10,12
1,3,9,10,12
2,3,9,10,12
1,2,3,9,10,12
5,9,10,12
1,5,9,10,12
2,5,9,10,12
1,2,5,9,10,12
3,5,9,10,12
1,3,5,9,10,12
2,3,5,9,10,12
1,2,3,5,9,10,12
8,9,10,12
1,8,9,10,12
2,8,9,10,12
1,2,8,9,10,12
3,8,9,10,12
1,3,8,9,10,12
2,3,8,9,10,12
1,2,3,8,9,10,12
5,8,9,10,12
1,5,8,9,10,12
2,5,8,9,10,12
1,2,5,8,9,10,12
3,5,8,9,10,12
1,3,5,8,9,10,12
2,3,5,8,9,10,12
1,2,3,5,8,9,10,12
11,12
1,11,12
2,11,12
1,2,11,12
3,11,12
1,3,11,12
2,3,11,12
1,2,3,11,12
5,11,12
1,5,11,12
2,5,11,12
1,2,5,11,12
3,5,11,12
1,3,5,11,12
2,3,5,11,12
1,2,3,5,11,12
8,11,12
1,8,11,12
2,8,11,12
1,2,8,11,12
3,8,11,12
1,3,8,11,12
2,3,8,11,12
1,2,3,8,11,12
5,8,11,12
1,5,8,11,12
2,5,8,11,12
1,2,5,8,11,12
3,5,8,11,12
1,3,5,8,11,12
2,3,5,8,11,12
1,2,3,5,8,11,12
9,11,12
1,9,11,12
2,9,11,12
1,2,9,11,12
3,9,11,12
1,3,9,11,12
2,3,9,11,12
1,2,3,9,11,12
5,9,11,12
1,5,9,11,12
2,5,9,11,12
1,2,5,9,11,12
3,5,9,11,12
1,3,5,9,11,12
2,3,5,9,11,12
1,2,3,5,9,11,12
8,9,11,12
1,8,9,11,12
2,8,9,11,12
1,2,8,9,11,12
3,8,9,11,12
1,3,8,9,11,12
2,3,8,9,11,12
1,2,3,8,9,11,12
5,8,9,11,12
1,5,8,9,11,12
2,5,8,9,11,12
1,2,5,8,9,11,12
3,5,8,9,11,12
1,3,5,8,9,11,12
2,3,5,8,9,11,12
1,2,3,5,8,9,11,12
10,11,12
1,10,11,12
2,10,11,12
1,2,10,11,12
3,10,11,12
1,3,10,11,12
2,3,10,11,12
1,2,3,10,11,12
5,10,11,12
1,5,10,11,12
2,5,10,11,12
1,2,5,10,11,12
3,5,10,11,12
1,3,5,10,11,12
2,3,5,10,11,12
1,2,3,5,10,11,12
8,10,11,12
1,8,10,11,12
2,8,10,11,12
1,2,8,10,11,12
3,8,10,11,12
1,3,8,10,11,12
2,3,8,10,11,12
1,2,3,8,10,11,12
5,8,10,11,12
1,5,8,10,11,12
2,5,8,10,11,12
1,2,5,8,10,11,12
3,5,8,10,11,12
1,3,5,8,10,11,12
2,3,5,8,10,11,12
1,2,3,5,8,10,11,12
9,10,11,12
1,9,10,11,12
2,9,10,11,12
1,2,9,10,11,12
3,9,10,11,12
1,3,9,10,11,12
2,3,9,10,11,12
1,2,3,9,10,11,12
5,9,10,11,12
1,5,9,10,11,12
2,5,9,10,11,12
1,2,5,9,10,11,12
3,5,9,10,11,12
1,3,5,9,10,11,12
2,3,5,9,10,11,12
1,2,3,5,9,10,11,12
8,9,10,11,12
1,8,9,10,11,12
2,8,9,10,11,12
1,2,8,9,10,11,12
3,8,9,10,11,12
1,3,8,9,10,11,12
2,3,8,9,10,11,12
1,2,3,8,9,10,11,12
5,8,9,10,11,12
1,5,8,9,10,11,12
2,5,8,9,10,11,12
1,2,5,8,9,10,11,12
3,5,8,9,10,11,12
1,3,5,8,9,10,11,12
2,3,5,8,9,10,11,12
1,2,3,5,8,9,10,11,12
13
3,13
4,13
3,4,13
5,13
3,5,13
4,5,13
3,4,5,13
6,13
3,6,13
4,6,13
3,4,6,13
5,6,13
3,5,6,13
4,5,6,13
3,4,5,6,13
7,13
3,7,13
4,7,13
3,4,7,13
5,7,13
3,5,7,13
4,5,7,13
3,4,5,7,13
6,7,13
3,6,7,13
4,6,7,13
3,4,6,7,13
5,6,7,13
3,5,6,7,13
4,5,6,7,13
3,4,5,6,7,13
14
3,14
4,14
3,4,14
5,14
3,5,14
4,5,14
3,4,5,14
6,14
3,6,14
4,6,14
3,4,6,14
5,6,14
3,5,6,14
4,5,6,14
3,4,5,6,14
7,14
3,7,14
4,7,14
3,4,7,14
5,7,14
3,5,7,14
4,5,7,14
3,4,5,7,14
6,7,14
3,6,7,14
4,6,7,14
3,4,6,7,14
5,6,7,14
3,5,6,7,14
4,5,6,7,14
3,4,5,6,7,14
13,14
3,13,14
4,13,14
3,4,13,14
5,13,14
3,5,13,14
4,5,13,14
3,4,5,13,14
6,13,14
3,6,13,14
4,6,13,14
3,4,6,13,14
5,6,13,14
3,5,6,13,14
4,5,6,13,14
3,4,5,6,13,14
7,13,14
3,7,13,14
4,7,13,14
3,4,7,13,14
5,7,13,14
3,5,7,13,14
4,5,7,13,14
3,4,5,7,13,14
6,7,13,14
3,6,7,13,14
4,6,7,13,14
3,4,6,7,13,14
5,6,7,13,14
3,5,6,7,13,14
4,5,6,7,13,14
3,4,5,6,7,13,14
15
3,15
4,15
3,4,15
5,15
3,5,15
4,5,15
3,4,5,15
6,15
3,6,15
4,6,15
3,4,6,15
5,6,15
3,5,6,15
4,5,6,15
3,4,5,6,15
7,15
3,7,15
4,7,15
3,4,7,15
5,7,15
3,5,7,15
4,5,7,15
3,4,5,7,15
6,7,15
3,6,7,15
4,6,7,15
3,4,6,7,15
5,6,7,15
3,5,6,7,15
4,5,6,7,15
3,4,5,6,7,15
13,15
3,13,15
4,13,15
3,4,13,15
5,13,15
3,5,13,15
4,5,13,15
3,4,5,13,15
6,13,15
3,6,13,15
4,6,13,15
3,4,6,13,15
5,6,13,15
3,5,6,13,15
4,5,6,13,15
3,4,5,6,13,15
7,13,15
3,7,13,15
4,7,13,15
3,4,7,13,15
5,7,13,15
3,5,7,13,15
4,5,7,13,15
3,4,5,7,13,15
6,7,13,15
3,6,7,13,15
4,6,7,13,15
3,4,6,7,13,15
5,6,7,13,15
3,5,6,7,13,15
4,5,6,7,13,15
3,4,5,6,7,13,15
14,15
3,14,15
4,14,15
3,4,14,15
5,14,15
3,5,14,15
4,5,14,15
3,4,5,14,15
6,14,15
3,6,14,15
4,6,14,15
3,4,6,14,15
5,6,14,15
3,5,6,14,15
4,5,6,14,15
3,4,5,6,14,15
7,14,15
3,7,14,15
4,7,14,15
3,4,7,14,15
5,7,14,15
3,5,7,14,15
4,5,7,14,15
3,4,5,7,14,15
6,7,14,15
3,6,7,14,15
4,6,7,14,15
3,4,6,7,14,15
5,6,7,14,15
3,5,6,7,14,15
4,5,6,7,14,15
3,4,5,6,7,14,15
13,14,15
3,13,14,15
4,13,14,15
3,4,13,14,15
5,13,14,15
3,5,13,14,15
4,5,13,14,15
3,4,5,13,14,15
6,13,14,15
3,6,13,14,15
4,6,13,14,15
3,4,6,13,14,15
5,6,13,14,15
3,5,6,13,14,15
4,5,6,13,14,15
3,4,5,6,13,14,15
7,13,14,15
3,7,13,14,15
4,7,13,14,15
3,4,7,13,14,15
5,7,13,14,15
3,5,7,13,14,15
4,5,7,13,14,15
3,4,5,7,13,14,15
6,7,13,14,15
3,6,7,13,14,15
4,6,7,13,14,15
3,4,6,7,13,14,15
5,6,7,13,14,15
3,5,6,7,13,14,15
4,5,6,7,13,14,15
3,4,5,6,7,13,14,15
16
3,16
4,16
3,4,16
5,16
3,5,16
4,5,16
3,4,5,16
6,16
3,6,16
4,6,16
3,4,6,16
5,6,16
3,5,6,16
4,5,6,16
3,4,5,6,16
7,16
3,7,16
4,7,16
3,4,7,16
5,7,16
3,5,7,16
4,5,7,16
3,4,5,7,16
6,7,16
3,6,7,16
4,6,7,16
3,4,6,7,16
5,6,7,16
3,5,6,7,16
4,5,6,7,16
3,4,5,6,7,16
13,16
3,13,16
4,13,16
3,4,13,16
5,13,16
3,5,13,16
4,5,13,16
3,4,5,13,16
6,13,16
3,6,13,16
4,6,13,16
3,4,6,13,16
5,6,13,16
3,5,6,13,16
4,5,6,13,16
3,4,5,6,13,16
7,13,16
3,7,13,16
4,7,13,16
3,4,7,13,16
5,7,13,16
3,5,7,13,16
4,5,7,13,16
3,4,5,7,13,16
6,7,13,16
3,6,7,13,16
4,6,7,13,16
3,4,6,7,13,16
5,6,7,13,16
3,5,6,7,13,16
4,5,6,7,13,16
3,4,5,6,7,13,16
14,16
3,14,16
4,14,16
3,4,14,16
5,14,16
3,5,14,16
4,5,14,16
3,4,5,14,16
6,14,16
3,6,14,16
4,6,14,16
3,4,6,14,16
5,6,14,16
3,5,6,14,16
4,5,6,14,16
3,4,5,6,14,16
7,14,16
3,7,14,16
4,7,14,16
3,4,7,14,16
5,7,14,16
3,5,7,14,16
4,5,7,14,16
3,4,5,7,14,16
6,7,14,16
3,6,7,14,16
4,6,7,14,16
3,4,6,7,14,16
5,6,7,14,16
3,5,6,7,14,16
4,5,6,7,14,16
3,4,5,6,7,14,16
13,14,16
3,13,14,16
4,13,14,16
3,4,13,14,16
5,13,14,16
3,5,13,14,16
4,5,13,14,16
3,4,5,13,14,16
6,13,14,16
3,6,13,14,16
4,6,13,14,16
3,4,6,13,14,16
5,6,13,14,16
3,5,6,13,14,16
4,5,6,13,14,16
3,4,5,6,13,14,16
7,13,14,16
3,7,13,14,16
4,7,13,14,16
3,4,7,13,14,16
5,7,13,14,16
3,5,7,13,14,16
4,5,7,13,14,16
3,4,5,7,13,14,16
6,7,13,14,16
3,6,7,13,14,16
4,6,7,13,14,16
3,4,6,7,13,14,16
5,6,7,13,14,16
3,5,6,7,13,14,16
4,5,6,7,13,14,16
3,4,5,6,7,13,14,16
15,16
3,15,16
4,15,16
3,4,15,16
5,15,16
3,5,15,16
4,5,15,16
3,4,5,15,16
6,15,16
3,6,15,16
4,6,15,16
3,4,6,15,16
5,6,15,16
3,5,6,15,16
4,5,6,15,16
3,4,5,6,15,16
7,15,16
3,7,15,16
4,7,15,16
3,4,7,15,16
5,7,15,16
3,5,7,15,16
4,5,7,15,16
3,4,5,7,15,16
6,7,15,16
3,6,7,15,16
4,6,7,15,16
3,4,6,7,15,16
5,6,7,15,16
3,5,6,7,15,16
4,5,6,7,15,16
3,4,5,6,7,15,16
13,15,16
3,13,15,16
4,13,15,16
3,4,13,15,16
5,13,15,16
3,5,13,15,16
4,5,13,15,16
3,4,5,13,15,16
6,13,15,16
3,6,13,15,16
4,6,13,15,16
3,4,6,13,15,16
5,6,13,15,16
3,5,6,13,15,16
4,5,6,13,15,16
3,4,5,6,13,15,16
7,13,15,16
3,7,13,15,16
4,7,13,15,16
3,4,7,13,15,16
5,7,13,15,16
3,5,7,13,15,16
4,5,7,13,15,16
3,4,5,7,13,15,16
6,7,13,15,16
3,6,7,13,15,16
4,6,7,13,15,16
3,4,6,7,13,15,16
5,6,7,13,15,16
3,5,6,7,13,15,16
4,5,6,7,13,15,16
3,4,5,6,7,13,15,16
14,15,16
3,14,15,16
4,14,15,16
3,4,14,15,16
5,14,15,16
3,5,14,15,16
4,5,14,15,16
3,4,5,14,15,16
6,14,15,16
3,6,14,15,16
4,6,14,15,16
3,4,6,14,15,16
5,6,14,15,16
3,5,6,14,15,16
4,5,6,14,15,16
3,4,5,6,14,15,16
7,14,15,16
3,7,14,15,16
4,7,14,15,16
3,4,7,14,15,16
5,7,14,15,16
3,5,7,14,15,16
4,5,7,14,15,16
3,4,5,7,14,15,16
6,7,14,15,16
3,6,7,14,15,16
4,6,7,14,15,16
3,4,6,7,14,15,16
5,6,7,14,15,16
3,5,6,7,14,15,16
4,5,6,7,14,15,16
3,4,5,6,7,14,15,16
13,14,15,16
3,13,14,15,16
4,13,14,15,16
3,4,13,14,15,16
5,13,14,15,16
3,5,13,14,15,16
4,5,13,14,15,16
3,4,5,13,14,15,16
6,13,14,15,16
3,6,13,14,15,16
4,6,13,14,15,16
3,4,6,13,14,15,16
5,6,13,14,15,16
3,5,6,13,14,15,16
4,5,6,13,14,15,16
3,4,5,6,13,14,15,16
7,13,14,15,16
3,7,13,14,15,16
4,7,13,14,15,16
3,4,7,13,14,15,16
5,7,13,14,15,16
3,5,7,13,14,15,16
4,5,7,13,14,15,16
3,4,5,7,13,14,15,16
6,7,13,14,15,16
3,6,7,13,14,15,16
4,6,7,13,14,15,16
3,4,6,7,13,14,15,16
5,6,7,13,14,15,16
3,5,6,7,13,14,15,16
4,5,6,7,13,14,15,16
3,4,5,6,7,13,14,15,16
